MEAN_REAL=0.37
STDDEV_REAL=0.03
PERCENTILE_99_REAL=0.4193
MEAN_USER=0.3025
STDDEV_USER=0.0319179
PERCENTILE_99_USER=0.3672
MEAN_SYS=0.04125
STDDEV_SYS=0.0183286
PERCENTILE_99_SYS=0.0693
