MEAN_REAL=1.28
STDDEV_REAL=0.0259808
PERCENTILE_99_REAL=1.3372
MEAN_USER=1.27
STDDEV_USER=0.0229129
PERCENTILE_99_USER=1.3258
MEAN_SYS=0.00125
STDDEV_SYS=0.00330719
PERCENTILE_99_SYS=0.0093
