MEAN_REAL=1.31625
STDDEV_REAL=0.780768
PERCENTILE_99_REAL=2.6468
MEAN_USER=121.067
STDDEV_USER=0.775125
PERCENTILE_99_USER=122.325
MEAN_SYS=0.03125
STDDEV_SYS=0.0395087
PERCENTILE_99_SYS=0.1165
