MEAN_REAL=44.7512
STDDEV_REAL=1.9433
PERCENTILE_99_REAL=48.8532
MEAN_USER=464.275
STDDEV_USER=1.87469
PERCENTILE_99_USER=468.345
MEAN_SYS=0.06375
STDDEV_SYS=0.0373957
PERCENTILE_99_SYS=0.1179
