MEAN_REAL=44.505
STDDEV_REAL=25.1622
PERCENTILE_99_REAL=59.33
MEAN_USER=239.199
STDDEV_USER=0.821864
PERCENTILE_99_USER=240.872
MEAN_SYS=0.05125
STDDEV_SYS=0.0780124
PERCENTILE_99_SYS=0.2144
