MEAN_REAL=0.8525
STDDEV_REAL=0.0569539
PERCENTILE_99_REAL=0.9479
MEAN_USER=0.05875
STDDEV_USER=0.032186
PERCENTILE_99_USER=0.1165
MEAN_SYS=0.30375
STDDEV_SYS=0.0367211
PERCENTILE_99_SYS=0.3593
