MEAN_REAL=0.39625
STDDEV_REAL=0.0901301
PERCENTILE_99_REAL=0.6132
MEAN_USER=0.255
STDDEV_USER=0.0229129
PERCENTILE_99_USER=0.29
MEAN_SYS=0.05
STDDEV_SYS=0.0158114
PERCENTILE_99_SYS=0.07
