MEAN_REAL=26.9288
STDDEV_REAL=0.902295
PERCENTILE_99_REAL=29.0502
MEAN_USER=26.4125
STDDEV_USER=0.877564
PERCENTILE_99_USER=28.5413
MEAN_SYS=0.07125
STDDEV_SYS=0.0333307
PERCENTILE_99_SYS=0.1279
