MEAN_REAL=26.1612
STDDEV_REAL=7.5139
PERCENTILE_99_REAL=35.0338
MEAN_USER=84.4437
STDDEV_USER=7.66014
PERCENTILE_99_USER=93.0825
MEAN_SYS=0.18375
STDDEV_SYS=0.0380583
PERCENTILE_99_SYS=0.23
