MEAN_REAL=20.835
STDDEV_REAL=5.70088
PERCENTILE_99_REAL=30.0646
MEAN_USER=79.6962
STDDEV_USER=5.485
PERCENTILE_99_USER=87.9161
MEAN_SYS=0.1
STDDEV_SYS=0.033541
PERCENTILE_99_SYS=0.1486
