MEAN_REAL=25.57
STDDEV_REAL=0.196087
PERCENTILE_99_REAL=25.8309
MEAN_USER=25.5575
STDDEV_USER=0.196771
PERCENTILE_99_USER=25.8295
MEAN_SYS=0
STDDEV_SYS=0
PERCENTILE_99_SYS=0
