MEAN_REAL=2.135
STDDEV_REAL=0.147902
PERCENTILE_99_REAL=2.4053
MEAN_USER=2.09
STDDEV_USER=0.139463
PERCENTILE_99_USER=2.3374
MEAN_SYS=0.0375
STDDEV_SYS=0.0129904
PERCENTILE_99_SYS=0.0593
