MEAN_REAL=7.6475
STDDEV_REAL=0.0417582
PERCENTILE_99_REAL=7.7086
MEAN_USER=7.6375
STDDEV_USER=0.0402337
PERCENTILE_99_USER=7.6893
MEAN_SYS=0.00375
STDDEV_SYS=0.00484123
PERCENTILE_99_SYS=0.01
