MEAN_REAL=1.70875
STDDEV_REAL=0.0161536
PERCENTILE_99_REAL=1.7393
MEAN_USER=1.69375
STDDEV_USER=0.0179844
PERCENTILE_99_USER=1.7286
MEAN_SYS=0.01
STDDEV_SYS=0.01
PERCENTILE_99_SYS=0.0293
