MEAN_REAL=2.87875
STDDEV_REAL=0.0153603
PERCENTILE_99_REAL=2.9
MEAN_USER=2.8425
STDDEV_USER=0.0192029
PERCENTILE_99_USER=2.8693
MEAN_SYS=0.03
STDDEV_SYS=0.01
PERCENTILE_99_SYS=0.04
