MEAN_REAL=0.18375
STDDEV_REAL=0.00484123
PERCENTILE_99_REAL=0.19
MEAN_USER=0.18375
STDDEV_USER=0.00484123
PERCENTILE_99_USER=0.19
MEAN_SYS=0
STDDEV_SYS=0
PERCENTILE_99_SYS=0
