MEAN_REAL=29.1106
STDDEV_REAL=0.380024
PERCENTILE_99_REAL=29.6845
MEAN_USER=28.9778
STDDEV_USER=0.376669
PERCENTILE_99_USER=29.4938
MEAN_SYS=0.0940625
STDDEV_SYS=0.0273701
PERCENTILE_99_SYS=0.14
