MEAN_REAL=32.1
STDDEV_REAL=0.359096
PERCENTILE_99_REAL=32.6699
MEAN_USER=31.9
STDDEV_USER=0.329924
PERCENTILE_99_USER=32.4314
MEAN_SYS=0.1525
STDDEV_SYS=0.0268095
PERCENTILE_99_SYS=0.1797
