MEAN_REAL=4.09906
STDDEV_REAL=0.0156843
PERCENTILE_99_REAL=4.1269
MEAN_USER=4.02625
STDDEV_USER=0.026546
PERCENTILE_99_USER=4.0669
MEAN_SYS=0.059375
STDDEV_SYS=0.0231756
PERCENTILE_99_SYS=0.1176
