MEAN_REAL=0.0281818
STDDEV_REAL=0.0142392
PERCENTILE_99_REAL=0.0668
MEAN_USER=0.00969697
STDDEV_USER=0.00299985
PERCENTILE_99_USER=0.0168
MEAN_SYS=0.000606061
STDDEV_SYS=0.00238606
PERCENTILE_99_SYS=0.01
