MEAN_REAL=2.85781
STDDEV_REAL=0.0330468
PERCENTILE_99_REAL=2.9238
MEAN_USER=2.84187
STDDEV_USER=0.0323494
PERCENTILE_99_USER=2.9
MEAN_SYS=0.0084375
STDDEV_SYS=0.00833268
PERCENTILE_99_SYS=0.02
