MEAN_REAL=32.1788
STDDEV_REAL=0.173543
PERCENTILE_99_REAL=32.6614
MEAN_USER=32.0869
STDDEV_USER=0.135449
PERCENTILE_99_USER=32.4604
MEAN_SYS=0.0265625
STDDEV_SYS=0.0191392
PERCENTILE_99_SYS=0.0569
