MEAN_REAL=27.5448
STDDEV_REAL=0.111874
PERCENTILE_99_REAL=27.7436
MEAN_USER=27.3164
STDDEV_USER=0.0826023
PERCENTILE_99_USER=27.4672
MEAN_SYS=0.18697
STDDEV_SYS=0.0406377
PERCENTILE_99_SYS=0.2872
