MEAN_REAL=2.9175
STDDEV_REAL=0.277072
PERCENTILE_99_REAL=3.2819
MEAN_USER=2.32
STDDEV_USER=0.104163
PERCENTILE_99_USER=2.4576
MEAN_SYS=0.15
STDDEV_SYS=0.0367423
PERCENTILE_99_SYS=0.2082
