MEAN_REAL=16.0325
STDDEV_REAL=0.166939
PERCENTILE_99_REAL=16.291
MEAN_USER=15.7375
STDDEV_USER=0.210401
PERCENTILE_99_USER=16.0783
MEAN_SYS=0.1075
STDDEV_SYS=0.0311247
PERCENTILE_99_SYS=0.1397
