MEAN_REAL=19.065
STDDEV_REAL=0.611085
PERCENTILE_99_REAL=19.9075
MEAN_USER=18.5675
STDDEV_USER=0.536161
PERCENTILE_99_USER=19.2996
MEAN_SYS=0.11
STDDEV_SYS=0.0158114
PERCENTILE_99_SYS=0.1297
