MEAN_REAL=19.99
STDDEV_REAL=1.01494
PERCENTILE_99_REAL=21.2244
MEAN_USER=19.3475
STDDEV_USER=0.668071
PERCENTILE_99_USER=20.1877
MEAN_SYS=0.165
STDDEV_SYS=0.035
PERCENTILE_99_SYS=0.2
