MEAN_REAL=0.26
STDDEV_REAL=0.0463681
PERCENTILE_99_REAL=0.337
MEAN_USER=0.01
STDDEV_USER=0.0122474
PERCENTILE_99_USER=0.0294
MEAN_SYS=0.0825
STDDEV_SYS=0.0129904
PERCENTILE_99_SYS=0.0997
