MEAN_REAL=0.155
STDDEV_REAL=0.00866025
PERCENTILE_99_REAL=0.1694
MEAN_USER=0.0025
STDDEV_USER=0.00433013
PERCENTILE_99_USER=0.0097
MEAN_SYS=0.0725
STDDEV_SYS=0.0108972
PERCENTILE_99_SYS=0.0894
