MEAN_REAL=0.945
STDDEV_REAL=0.045
PERCENTILE_99_REAL=0.98
MEAN_USER=0.675
STDDEV_USER=0.0327872
PERCENTILE_99_USER=0.7282
MEAN_SYS=0.2125
STDDEV_SYS=0.0294746
PERCENTILE_99_SYS=0.2585
