MEAN_REAL=7.3925
STDDEV_REAL=0.178938
PERCENTILE_99_REAL=7.6058
MEAN_USER=6.88
STDDEV_USER=0.112472
PERCENTILE_99_USER=6.9788
MEAN_SYS=0.355
STDDEV_SYS=0.0433013
PERCENTILE_99_SYS=0.4088
