MEAN_REAL=12.3925
STDDEV_REAL=0.262047
PERCENTILE_99_REAL=12.6555
MEAN_USER=12.195
STDDEV_USER=0.223663
PERCENTILE_99_USER=12.4261
MEAN_SYS=0.1075
STDDEV_SYS=0.0396074
PERCENTILE_99_SYS=0.1679
