MEAN_REAL=3.67313
STDDEV_REAL=0.115554
PERCENTILE_99_REAL=3.969
MEAN_USER=3.62375
STDDEV_USER=0.103312
PERCENTILE_99_USER=3.8369
MEAN_SYS=0.0396875
STDDEV_SYS=0.0205372
PERCENTILE_99_SYS=0.1152
