MEAN_REAL=3.48
STDDEV_REAL=0.0254951
PERCENTILE_99_REAL=3.5093
MEAN_USER=3.44375
STDDEV_USER=0.0249687
PERCENTILE_99_USER=3.4786
MEAN_SYS=0.035
STDDEV_SYS=0.00866025
PERCENTILE_99_SYS=0.0493
