MEAN_REAL=3.42875
STDDEV_REAL=0.0464859
PERCENTILE_99_REAL=3.4972
MEAN_USER=3.37875
STDDEV_USER=0.0513414
PERCENTILE_99_USER=3.4572
MEAN_SYS=0.04375
STDDEV_SYS=0.00856957
PERCENTILE_99_SYS=0.0593
