MEAN_REAL=4.0275
STDDEV_REAL=0.181297
PERCENTILE_99_REAL=4.2191
MEAN_USER=3.9225
STDDEV_USER=0.165888
PERCENTILE_99_USER=4.1085
MEAN_SYS=0.0725
STDDEV_SYS=0.00433013
PERCENTILE_99_SYS=0.0797
