MEAN_REAL=12.1338
STDDEV_REAL=0.0793627
PERCENTILE_99_REAL=12.263
MEAN_USER=12.0025
STDDEV_USER=0.083778
PERCENTILE_99_USER=12.1537
MEAN_SYS=0.10875
STDDEV_SYS=0.0153603
PERCENTILE_99_SYS=0.13
