MEAN_REAL=11.7525
STDDEV_REAL=0.0902427
PERCENTILE_99_REAL=11.8951
MEAN_USER=11.605
STDDEV_USER=0.0874643
PERCENTILE_99_USER=11.7444
MEAN_SYS=0.13875
STDDEV_SYS=0.0231503
PERCENTILE_99_SYS=0.1793
