MEAN_REAL=7.44375
STDDEV_REAL=0.0830568
PERCENTILE_99_REAL=7.5751
MEAN_USER=7.25125
STDDEV_USER=0.0945301
PERCENTILE_99_USER=7.4123
MEAN_SYS=0.18375
STDDEV_SYS=0.0223257
PERCENTILE_99_SYS=0.2193
