MEAN_REAL=5.90125
STDDEV_REAL=0.112743
PERCENTILE_99_REAL=6.0644
MEAN_USER=5.7775
STDDEV_USER=0.0976921
PERCENTILE_99_USER=5.9251
MEAN_SYS=0.1225
STDDEV_SYS=0.0192029
PERCENTILE_99_SYS=0.14
