MEAN_REAL=8.0525
STDDEV_REAL=0.117766
PERCENTILE_99_REAL=8.2346
MEAN_USER=7.8425
STDDEV_USER=0.0965337
PERCENTILE_99_USER=7.9949
MEAN_SYS=0.19
STDDEV_SYS=0.0158114
PERCENTILE_99_SYS=0.2097
