MEAN_REAL=0.95
STDDEV_REAL=0.0494975
PERCENTILE_99_REAL=1.0185
MEAN_USER=0.9225
STDDEV_USER=0.0562917
PERCENTILE_99_USER=1.0076
MEAN_SYS=0.0175
STDDEV_SYS=0.00433013
PERCENTILE_99_SYS=0.02
