MEAN_REAL=0.5425
STDDEV_REAL=0.0315238
PERCENTILE_99_REAL=0.6065
MEAN_USER=0.515
STDDEV_USER=0.0327872
PERCENTILE_99_USER=0.5858
MEAN_SYS=0.02125
STDDEV_SYS=0.00927025
PERCENTILE_99_SYS=0.03
