MEAN_REAL=0.77625
STDDEV_REAL=0.280086
PERCENTILE_99_REAL=1.2258
MEAN_USER=0.75
STDDEV_USER=0.275862
PERCENTILE_99_USER=1.2051
MEAN_SYS=0.0175
STDDEV_SYS=0.00829156
PERCENTILE_99_SYS=0.03
