MEAN_REAL=0.0175
STDDEV_REAL=0.00661438
PERCENTILE_99_REAL=0.0293
MEAN_USER=0.0125
STDDEV_USER=0.00433013
PERCENTILE_99_USER=0.02
MEAN_SYS=0
STDDEV_SYS=0
PERCENTILE_99_SYS=0
