MEAN_REAL=0.01875
STDDEV_REAL=0.00330719
PERCENTILE_99_REAL=0.02
MEAN_USER=0.01625
STDDEV_USER=0.00484123
PERCENTILE_99_USER=0.02
MEAN_SYS=0
STDDEV_SYS=0
PERCENTILE_99_SYS=0
