MEAN_REAL=0.33625
STDDEV_REAL=0.0149478
PERCENTILE_99_REAL=0.3679
MEAN_USER=0.3325
STDDEV_USER=0.0171391
PERCENTILE_99_USER=0.3679
MEAN_SYS=0.00125
STDDEV_SYS=0.00330719
PERCENTILE_99_SYS=0.0093
