MEAN_REAL=4.9575
STDDEV_REAL=1.34871
PERCENTILE_99_REAL=7.124
MEAN_USER=4.40625
STDDEV_USER=1.12893
PERCENTILE_99_USER=6.3486
MEAN_SYS=0.01125
STDDEV_SYS=0.00780625
PERCENTILE_99_SYS=0.02
