MEAN_REAL=3.52625
STDDEV_REAL=0.0881671
PERCENTILE_99_REAL=3.6665
MEAN_USER=3.515
STDDEV_USER=0.0890225
PERCENTILE_99_USER=3.6472
MEAN_SYS=0.00375
STDDEV_SYS=0.00484123
PERCENTILE_99_SYS=0.01
