MEAN_REAL=4.28125
STDDEV_REAL=1.18002
PERCENTILE_99_REAL=5.5765
MEAN_USER=3.53125
STDDEV_USER=1.13198
PERCENTILE_99_USER=5.4693
MEAN_SYS=0.065
STDDEV_SYS=0.0111803
PERCENTILE_99_SYS=0.08
