MEAN_REAL=2.59875
STDDEV_REAL=0.0271282
PERCENTILE_99_REAL=2.6479
MEAN_USER=2.53875
STDDEV_USER=0.0236841
PERCENTILE_99_USER=2.5786
MEAN_SYS=0.055
STDDEV_SYS=0.0111803
PERCENTILE_99_SYS=0.07
