MEAN_REAL=40.6469
STDDEV_REAL=2.84772
PERCENTILE_99_REAL=46.948
MEAN_USER=40.4312
STDDEV_USER=2.71499
PERCENTILE_99_USER=46.3025
MEAN_SYS=0.060625
STDDEV_SYS=0.0268022
PERCENTILE_99_SYS=0.1155
