MEAN_REAL=36.9387
STDDEV_REAL=18.4899
PERCENTILE_99_REAL=57.0495
MEAN_USER=2069.75
STDDEV_USER=83.7588
PERCENTILE_99_USER=2219.88
MEAN_SYS=2.30812
STDDEV_SYS=0.571262
PERCENTILE_99_SYS=3.3555
