MEAN_REAL=0.81625
STDDEV_REAL=0.0323796
PERCENTILE_99_REAL=0.887
MEAN_USER=0.654375
STDDEV_USER=0.0280555
PERCENTILE_99_USER=0.7085
MEAN_SYS=0.0675
STDDEV_SYS=0.0156125
PERCENTILE_99_SYS=0.0985
