MEAN_REAL=7.62625
STDDEV_REAL=0.19098
PERCENTILE_99_REAL=8.213
MEAN_USER=7.38688
STDDEV_USER=0.192993
PERCENTILE_99_USER=7.9925
MEAN_SYS=0.09125
STDDEV_SYS=0.0268968
PERCENTILE_99_SYS=0.13
