MEAN_REAL=0.789375
STDDEV_REAL=0.0354381
PERCENTILE_99_REAL=0.857
MEAN_USER=0.555625
STDDEV_USER=0.028716
PERCENTILE_99_USER=0.5985
MEAN_SYS=0.146875
STDDEV_SYS=0.0321556
PERCENTILE_99_SYS=0.18
