MEAN_REAL=0.75125
STDDEV_REAL=0.0513414
PERCENTILE_99_REAL=0.837
MEAN_USER=0.320625
STDDEV_USER=0.0378267
PERCENTILE_99_USER=0.3755
MEAN_SYS=0.351875
STDDEV_SYS=0.0423112
PERCENTILE_99_SYS=0.4285
