MEAN_REAL=12.42
STDDEV_REAL=0.49163
PERCENTILE_99_REAL=13.8225
MEAN_USER=11.8663
STDDEV_USER=0.27926
PERCENTILE_99_USER=12.55
MEAN_SYS=0.096875
STDDEV_SYS=0.0189469
PERCENTILE_99_SYS=0.1455
