MEAN_REAL=31.0738
STDDEV_REAL=3.3893
PERCENTILE_99_REAL=37.6255
MEAN_USER=148.501
STDDEV_USER=2.44852
PERCENTILE_99_USER=153.961
MEAN_SYS=0.15875
STDDEV_SYS=0.0333307
PERCENTILE_99_SYS=0.2093
