MEAN_REAL=1.2825
STDDEV_REAL=0.140779
PERCENTILE_99_REAL=1.4461
MEAN_USER=0.0275
STDDEV_USER=0.0108972
PERCENTILE_99_USER=0.0397
MEAN_SYS=0.1775
STDDEV_SYS=0.0311247
PERCENTILE_99_SYS=0.2097
