MEAN_REAL=0.725
STDDEV_REAL=0.0320156
PERCENTILE_99_REAL=0.7779
MEAN_USER=0.0275
STDDEV_USER=0.0204634
PERCENTILE_99_USER=0.0591
MEAN_SYS=0.1375
STDDEV_SYS=0.0311247
PERCENTILE_99_SYS=0.1697
