MEAN_REAL=4.3525
STDDEV_REAL=0.0779022
PERCENTILE_99_REAL=4.4958
MEAN_USER=0.07125
STDDEV_USER=0.0169097
PERCENTILE_99_USER=0.09
MEAN_SYS=0.25875
STDDEV_SYS=0.0337037
PERCENTILE_99_SYS=0.3186
