MEAN_REAL=0.31625
STDDEV_REAL=0.0855771
PERCENTILE_99_REAL=0.5239
MEAN_USER=0.075
STDDEV_USER=0.0193649
PERCENTILE_99_USER=0.0993
MEAN_SYS=0.1325
STDDEV_SYS=0.024367
PERCENTILE_99_SYS=0.1686
