MEAN_REAL=6.81
STDDEV_REAL=0.168449
PERCENTILE_99_REAL=7.0851
MEAN_USER=6.52625
STDDEV_USER=0.15124
PERCENTILE_99_USER=6.7744
MEAN_SYS=0.17625
STDDEV_SYS=0.0282566
PERCENTILE_99_SYS=0.2279
