MEAN_REAL=7.74375
STDDEV_REAL=0.166654
PERCENTILE_99_REAL=7.9923
MEAN_USER=7.185
STDDEV_USER=0.168893
PERCENTILE_99_USER=7.4695
MEAN_SYS=0.4275
STDDEV_SYS=0.0330719
PERCENTILE_99_SYS=0.4786
