MEAN_REAL=0.6175
STDDEV_REAL=0.0204634
PERCENTILE_99_REAL=0.65
MEAN_USER=0.47125
STDDEV_USER=0.0189984
PERCENTILE_99_USER=0.5086
MEAN_SYS=0.06
STDDEV_SYS=0.015
PERCENTILE_99_SYS=0.0886
