MEAN_REAL=0.155
STDDEV_REAL=0.0552268
PERCENTILE_99_REAL=0.2493
MEAN_USER=0.10375
STDDEV_USER=0.0228788
PERCENTILE_99_USER=0.14
MEAN_SYS=0.00875
STDDEV_SYS=0.00599479
PERCENTILE_99_SYS=0.0193
