MEAN_REAL=0.32875
STDDEV_REAL=0.103373
PERCENTILE_99_REAL=0.4786
MEAN_USER=0.26125
STDDEV_USER=0.0660374
PERCENTILE_99_USER=0.3793
MEAN_SYS=0
STDDEV_SYS=0
PERCENTILE_99_SYS=0
