MEAN_REAL=22.81
STDDEV_REAL=4.63116
PERCENTILE_99_REAL=31.3378
MEAN_USER=21.6712
STDDEV_USER=3.17336
PERCENTILE_99_USER=27.7894
MEAN_SYS=0.0025
STDDEV_SYS=0.00661438
PERCENTILE_99_SYS=0.0186
