MEAN_REAL=48.1612
STDDEV_REAL=0.665872
PERCENTILE_99_REAL=49.2994
MEAN_USER=48.1525
STDDEV_USER=0.665108
PERCENTILE_99_USER=49.2801
MEAN_SYS=0.00125
STDDEV_SYS=0.00330719
PERCENTILE_99_SYS=0.0093
