MEAN_REAL=32.3225
STDDEV_REAL=2.75735
PERCENTILE_99_REAL=39.0479
MEAN_USER=32.2863
STDDEV_USER=2.71456
PERCENTILE_99_USER=38.9077
MEAN_SYS=0.00125
STDDEV_SYS=0.00330719
PERCENTILE_99_SYS=0.0093
