MEAN_REAL=0.806563
STDDEV_REAL=0.00922272
PERCENTILE_99_REAL=0.8338
MEAN_USER=0.799375
STDDEV_USER=0.00899218
PERCENTILE_99_USER=0.8238
MEAN_SYS=0.00125
STDDEV_SYS=0.00330719
PERCENTILE_99_SYS=0.01
