MEAN_REAL=14.03
STDDEV_REAL=0.303727
PERCENTILE_99_REAL=14.3819
MEAN_USER=133.882
STDDEV_USER=0.295582
PERCENTILE_99_USER=134.289
MEAN_SYS=0.0275
STDDEV_SYS=0.0476314
PERCENTILE_99_SYS=0.1067
