MEAN_REAL=2.30636
STDDEV_REAL=0.0170237
PERCENTILE_99_REAL=2.3504
MEAN_USER=2.29879
STDDEV_USER=0.0171901
PERCENTILE_99_USER=2.3472
MEAN_SYS=0.000909091
STDDEV_SYS=0.0028748
PERCENTILE_99_SYS=0.01
