MEAN_REAL=0.169063
STDDEV_REAL=0.0203653
PERCENTILE_99_REAL=0.2169
MEAN_USER=0.16
STDDEV_USER=0.0207666
PERCENTILE_99_USER=0.2138
MEAN_SYS=0.0003125
STDDEV_SYS=0.00173993
PERCENTILE_99_SYS=0.0069
