MEAN_REAL=53.0418
STDDEV_REAL=0.22341
PERCENTILE_99_REAL=53.5444
MEAN_USER=52.9548
STDDEV_USER=0.217076
PERCENTILE_99_USER=53.454
MEAN_SYS=0.0130303
STDDEV_SYS=0.0124279
PERCENTILE_99_SYS=0.04
