MEAN_REAL=2.23719
STDDEV_REAL=0.0175418
PERCENTILE_99_REAL=2.3076
MEAN_USER=2.22812
STDDEV_USER=0.0121031
PERCENTILE_99_USER=2.2676
MEAN_SYS=0.0034375
STDDEV_SYS=0.00642718
PERCENTILE_99_SYS=0.0238
