MEAN_REAL=1.20688
STDDEV_REAL=0.0121031
PERCENTILE_99_REAL=1.25
MEAN_USER=1.12094
STDDEV_USER=0.0200561
PERCENTILE_99_USER=1.1569
MEAN_SYS=0.0771875
STDDEV_SYS=0.0173627
PERCENTILE_99_SYS=0.11
