MEAN_REAL=53.0058
STDDEV_REAL=0.273629
PERCENTILE_99_REAL=53.4968
MEAN_USER=172.805
STDDEV_USER=0.310836
PERCENTILE_99_USER=173.334
MEAN_SYS=0.0618182
STDDEV_SYS=0.0800929
PERCENTILE_99_SYS=0.2868
