MEAN_REAL=0.035
STDDEV_REAL=0.0103078
PERCENTILE_99_REAL=0.07
MEAN_USER=0.02875
STDDEV_USER=0.00780625
PERCENTILE_99_USER=0.0538
MEAN_SYS=0.00375
STDDEV_SYS=0.00695971
PERCENTILE_99_SYS=0.0269
