MEAN_REAL=0.03625
STDDEV_REAL=0.00927025
PERCENTILE_99_REAL=0.0669
MEAN_USER=0.025625
STDDEV_USER=0.00863767
PERCENTILE_99_USER=0.0469
MEAN_SYS=0.0065625
STDDEV_SYS=0.00689627
PERCENTILE_99_SYS=0.02
