MEAN_REAL=0.013125
STDDEV_REAL=0.00526634
PERCENTILE_99_REAL=0.0269
MEAN_USER=0.0125
STDDEV_USER=0.00433013
PERCENTILE_99_USER=0.02
MEAN_SYS=0.0003125
STDDEV_SYS=0.00173993
PERCENTILE_99_SYS=0.0069
