MEAN_REAL=0.167813
STDDEV_REAL=0.0167209
PERCENTILE_99_REAL=0.21
MEAN_USER=0.159375
STDDEV_USER=0.0180169
PERCENTILE_99_USER=0.2069
MEAN_SYS=0.0071875
STDDEV_SYS=0.0079978
PERCENTILE_99_SYS=0.0269
