MEAN_REAL=0.167813
STDDEV_REAL=0.0159559
PERCENTILE_99_REAL=0.21
MEAN_USER=0.160313
STDDEV_USER=0.016295
PERCENTILE_99_USER=0.2
MEAN_SYS=0.0059375
STDDEV_SYS=0.00784991
PERCENTILE_99_SYS=0.0269
