MEAN_REAL=0.16875
STDDEV_REAL=0.0178098
PERCENTILE_99_REAL=0.21
MEAN_USER=0.156562
STDDEV_USER=0.0176085
PERCENTILE_99_USER=0.2
MEAN_SYS=0.01125
STDDEV_SYS=0.0105327
PERCENTILE_99_SYS=0.03
