MEAN_REAL=0
STDDEV_REAL=0
PERCENTILE_99_REAL=0
MEAN_USER=0.0590527
STDDEV_USER=0.00461201
PERCENTILE_99_USER=0.07
MEAN_SYS=6.83594e-05
STDDEV_SYS=0.000823966
PERCENTILE_99_SYS=0
