MEAN_REAL=0
STDDEV_REAL=0
PERCENTILE_99_REAL=0
MEAN_USER=0.0467187
STDDEV_USER=0.00497798
PERCENTILE_99_USER=0.05
MEAN_SYS=3.90625e-05
STDDEV_SYS=0.000623778
PERCENTILE_99_SYS=0
