MEAN_REAL=0
STDDEV_REAL=0
PERCENTILE_99_REAL=0
MEAN_USER=0.139727
STDDEV_USER=0.0201489
PERCENTILE_99_USER=0.22
MEAN_SYS=0.000195313
STDDEV_SYS=0.00145268
PERCENTILE_99_SYS=0.01
