MEAN_REAL=0.0127273
STDDEV_REAL=0.00565296
PERCENTILE_99_REAL=0.03
MEAN_USER=0.00878788
STDDEV_USER=0.0040881
PERCENTILE_99_USER=0.0168
MEAN_SYS=0.00181818
STDDEV_SYS=0.00385695
PERCENTILE_99_SYS=0.01
