MEAN_REAL=0.0136364
STDDEV_REAL=0.00688353
PERCENTILE_99_REAL=0.03
MEAN_USER=0.00909091
STDDEV_USER=0.00570148
PERCENTILE_99_USER=0.02
MEAN_SYS=0.00212121
STDDEV_SYS=0.0040881
PERCENTILE_99_SYS=0.01
