MEAN_REAL=0.0112121
STDDEV_REAL=0.00477213
PERCENTILE_99_REAL=0.03
MEAN_USER=0.00939394
STDDEV_USER=0.0034284
PERCENTILE_99_USER=0.0168
MEAN_SYS=0.00121212
STDDEV_SYS=0.00326374
PERCENTILE_99_SYS=0.01
