MEAN_REAL=0.0903125
STDDEV_REAL=0.00466662
PERCENTILE_99_REAL=0.1
MEAN_USER=0.084375
STDDEV_USER=0.00496078
PERCENTILE_99_USER=0.09
MEAN_SYS=0.000625
STDDEV_SYS=0.00242061
PERCENTILE_99_SYS=0.01
