MEAN_REAL=0.08125
STDDEV_REAL=0.00414578
PERCENTILE_99_REAL=0.0969
MEAN_USER=0.0778125
STDDEV_USER=0.00648767
PERCENTILE_99_USER=0.0969
MEAN_SYS=0.000625
STDDEV_SYS=0.00242061
PERCENTILE_99_SYS=0.01
