MEAN_REAL=0.14125
STDDEV_REAL=0.00780625
PERCENTILE_99_REAL=0.15
MEAN_USER=0.015
STDDEV_USER=0.015
PERCENTILE_99_USER=0.0393
MEAN_SYS=0.06375
STDDEV_SYS=0.0179844
PERCENTILE_99_SYS=0.09
