MEAN_REAL=0.0312121
STDDEV_REAL=0.00326374
PERCENTILE_99_REAL=0.04
MEAN_USER=0.0287879
STDDEV_USER=0.00477213
PERCENTILE_99_USER=0.04
MEAN_SYS=0.000606061
STDDEV_SYS=0.00238606
PERCENTILE_99_SYS=0.01
