MEAN_REAL=0.0306061
STDDEV_REAL=0.00238606
PERCENTILE_99_REAL=0.04
MEAN_USER=0.0290909
STDDEV_USER=0.00378485
PERCENTILE_99_USER=0.0368
MEAN_SYS=0.00030303
STDDEV_SYS=0.0017142
PERCENTILE_99_SYS=0.0068
