MEAN_REAL=0.14
STDDEV_REAL=0.0111803
PERCENTILE_99_REAL=0.1593
MEAN_USER=0.01125
STDDEV_USER=0.0116592
PERCENTILE_99_USER=0.03
MEAN_SYS=0.0675
STDDEV_SYS=0.0263391
PERCENTILE_99_SYS=0.1179
