MEAN_REAL=0.034375
STDDEV_REAL=0.00609175
PERCENTILE_99_REAL=0.05
MEAN_USER=0.03125
STDDEV_USER=0.00414578
PERCENTILE_99_USER=0.04
MEAN_SYS=0
STDDEV_SYS=0
PERCENTILE_99_SYS=0
