MEAN_REAL=0.02
STDDEV_REAL=0.00353553
PERCENTILE_99_REAL=0.03
MEAN_USER=0.013125
STDDEV_USER=0.00463512
PERCENTILE_99_USER=0.02
MEAN_SYS=0.000625
STDDEV_SYS=0.00242061
PERCENTILE_99_SYS=0.01
