MEAN_REAL=0.11125
STDDEV_REAL=0.00599479
PERCENTILE_99_REAL=0.12
MEAN_USER=0.0125
STDDEV_USER=0.0139194
PERCENTILE_99_USER=0.03
MEAN_SYS=0.04625
STDDEV_SYS=0.0111102
PERCENTILE_99_SYS=0.06
