MEAN_REAL=0.45
STDDEV_REAL=0.344964
PERCENTILE_99_REAL=1.1676
MEAN_USER=0.02625
STDDEV_USER=0.0179844
PERCENTILE_99_USER=0.0586
MEAN_SYS=0.17125
STDDEV_SYS=0.0398238
PERCENTILE_99_SYS=0.2286
