MEAN_REAL=0.0046875
STDDEV_REAL=0.00499022
PERCENTILE_99_REAL=0.01
MEAN_USER=0.003125
STDDEV_USER=0.00463512
PERCENTILE_99_USER=0.01
MEAN_SYS=0
STDDEV_SYS=0
PERCENTILE_99_SYS=0
