MEAN_REAL=0.004375
STDDEV_REAL=0.00496078
PERCENTILE_99_REAL=0.01
MEAN_USER=0.001875
STDDEV_USER=0.00390312
PERCENTILE_99_USER=0.01
MEAN_SYS=0.0003125
STDDEV_SYS=0.00173993
PERCENTILE_99_SYS=0.0069
