MEAN_REAL=0.12375
STDDEV_REAL=0.0217586
PERCENTILE_99_REAL=0.1758
MEAN_USER=0.00625
STDDEV_USER=0.00992157
PERCENTILE_99_USER=0.0286
MEAN_SYS=0.05625
STDDEV_SYS=0.0131696
PERCENTILE_99_SYS=0.07
