MEAN_REAL=0.035625
STDDEV_REAL=0.00609175
PERCENTILE_99_REAL=0.05
MEAN_USER=0.0321875
STDDEV_USER=0.00543965
PERCENTILE_99_USER=0.04
MEAN_SYS=0.0009375
STDDEV_SYS=0.00291481
PERCENTILE_99_SYS=0.01
