MEAN_REAL=0.031875
STDDEV_REAL=0.00390312
PERCENTILE_99_REAL=0.04
MEAN_USER=0.02875
STDDEV_USER=0.00414578
PERCENTILE_99_USER=0.0369
MEAN_SYS=0.0003125
STDDEV_SYS=0.00173993
PERCENTILE_99_SYS=0.0069
