MEAN_REAL=0.11875
STDDEV_REAL=0.00599479
PERCENTILE_99_REAL=0.1293
MEAN_USER=0.01
STDDEV_USER=0.0122474
PERCENTILE_99_USER=0.03
MEAN_SYS=0.04375
STDDEV_SYS=0.0131696
PERCENTILE_99_SYS=0.06
