MEAN_REAL=0.185
STDDEV_REAL=0.0295804
PERCENTILE_99_REAL=0.2551
MEAN_USER=0.01625
STDDEV_USER=0.0140868
PERCENTILE_99_USER=0.04
MEAN_SYS=0.07
STDDEV_SYS=0.0259808
PERCENTILE_99_SYS=0.1179
