MEAN_REAL=0.18375
STDDEV_REAL=0.0186665
PERCENTILE_99_REAL=0.2272
MEAN_USER=0.01
STDDEV_USER=0.015
PERCENTILE_99_USER=0.0393
MEAN_SYS=0.0625
STDDEV_SYS=0.0277263
PERCENTILE_99_SYS=0.09
