MEAN_REAL=0.12875
STDDEV_REAL=0.00599479
PERCENTILE_99_REAL=0.1393
MEAN_USER=0.0075
STDDEV_USER=0.00968246
PERCENTILE_99_USER=0.0286
MEAN_SYS=0.04375
STDDEV_SYS=0.0179844
PERCENTILE_99_SYS=0.0693
