MEAN_REAL=0.27875
STDDEV_REAL=0.0456721
PERCENTILE_99_REAL=0.33
MEAN_USER=0.03625
STDDEV_USER=0.0234187
PERCENTILE_99_USER=0.0865
MEAN_SYS=0.1
STDDEV_SYS=0.0193649
PERCENTILE_99_SYS=0.12
