MEAN_REAL=0.1875
STDDEV_REAL=0.00968246
PERCENTILE_99_REAL=0.2086
MEAN_USER=0.01625
STDDEV_USER=0.0111102
PERCENTILE_99_USER=0.0393
MEAN_SYS=0.09
STDDEV_SYS=0.0229129
PERCENTILE_99_SYS=0.12
