MEAN_REAL=0.20375
STDDEV_REAL=0.0338886
PERCENTILE_99_REAL=0.2844
MEAN_USER=0.01875
STDDEV_USER=0.0145237
PERCENTILE_99_USER=0.0393
MEAN_SYS=0.09625
STDDEV_SYS=0.0249687
PERCENTILE_99_SYS=0.13
