MEAN_REAL=0.17625
STDDEV_REAL=0.00992157
PERCENTILE_99_REAL=0.19
MEAN_USER=0.0175
STDDEV_USER=0.0129904
PERCENTILE_99_USER=0.0393
MEAN_SYS=0.08875
STDDEV_SYS=0.0189984
PERCENTILE_99_SYS=0.1279
