MEAN_REAL=0.2475
STDDEV_REAL=0.0521416
PERCENTILE_99_REAL=0.33
MEAN_USER=0.015
STDDEV_USER=0.00866025
PERCENTILE_99_USER=0.03
MEAN_SYS=0.0975
STDDEV_SYS=0.0198431
PERCENTILE_99_SYS=0.12
