MEAN_REAL=0.18375
STDDEV_REAL=0.0172753
PERCENTILE_99_REAL=0.2093
MEAN_USER=0.02
STDDEV_USER=0.0158114
PERCENTILE_99_USER=0.04
MEAN_SYS=0.09
STDDEV_SYS=0.0259808
PERCENTILE_99_SYS=0.1465
