MEAN_REAL=0.6375
STDDEV_REAL=0.0405432
PERCENTILE_99_REAL=0.7086
MEAN_USER=0.43375
STDDEV_USER=0.0254644
PERCENTILE_99_USER=0.46
MEAN_SYS=0.13625
STDDEV_SYS=0.026428
PERCENTILE_99_SYS=0.17
