MEAN_REAL=0.14875
STDDEV_REAL=0.0153603
PERCENTILE_99_REAL=0.17
MEAN_USER=0.02
STDDEV_USER=0.0132288
PERCENTILE_99_USER=0.0393
MEAN_SYS=0.065
STDDEV_SYS=0.0132288
PERCENTILE_99_SYS=0.0886
