MEAN_REAL=0.14125
STDDEV_REAL=0.00780625
PERCENTILE_99_REAL=0.15
MEAN_USER=0.00375
STDDEV_USER=0.00484123
PERCENTILE_99_USER=0.01
MEAN_SYS=0.06875
STDDEV_SYS=0.0176334
PERCENTILE_99_SYS=0.0993
