MEAN_REAL=0.27625
STDDEV_REAL=0.0217586
PERCENTILE_99_REAL=0.3265
MEAN_USER=0.04375
STDDEV_USER=0.0234187
PERCENTILE_99_USER=0.0886
MEAN_SYS=0.1625
STDDEV_SYS=0.0198431
PERCENTILE_99_SYS=0.18
