MEAN_REAL=0.26
STDDEV_REAL=0.01
PERCENTILE_99_REAL=0.2793
MEAN_USER=0.04375
STDDEV_USER=0.0278107
PERCENTILE_99_USER=0.0879
MEAN_SYS=0.15375
STDDEV_SYS=0.0199609
PERCENTILE_99_SYS=0.18
