MEAN_REAL=0.3625
STDDEV_REAL=0.0268095
PERCENTILE_99_REAL=0.4258
MEAN_USER=0.1425
STDDEV_USER=0.0330719
PERCENTILE_99_USER=0.1979
MEAN_SYS=0.13125
STDDEV_SYS=0.028477
PERCENTILE_99_SYS=0.1786
