MEAN_REAL=0.65625
STDDEV_REAL=0.0165359
PERCENTILE_99_REAL=0.6879
MEAN_USER=0.16125
STDDEV_USER=0.0247171
PERCENTILE_99_USER=0.1986
MEAN_SYS=0.375
STDDEV_SYS=0.0206155
PERCENTILE_99_SYS=0.4172
