MEAN_REAL=0.67375
STDDEV_REAL=0.129994
PERCENTILE_99_REAL=0.9467
MEAN_USER=0.09875
STDDEV_USER=0.0183286
PERCENTILE_99_USER=0.1372
MEAN_SYS=0.42875
STDDEV_SYS=0.0407546
PERCENTILE_99_SYS=0.4893
