MEAN_REAL=0.57125
STDDEV_REAL=0.0301817
PERCENTILE_99_REAL=0.62
MEAN_USER=0.1175
STDDEV_USER=0.0272718
PERCENTILE_99_USER=0.1493
MEAN_SYS=0.36375
STDDEV_SYS=0.0492284
PERCENTILE_99_SYS=0.4479
