MEAN_REAL=0.1475
STDDEV_REAL=0.00661438
PERCENTILE_99_REAL=0.1593
MEAN_USER=0.0175
STDDEV_USER=0.0156125
PERCENTILE_99_USER=0.0393
MEAN_SYS=0.06375
STDDEV_SYS=0.0157619
PERCENTILE_99_SYS=0.0886
