MEAN_REAL=0.225
STDDEV_REAL=0.025
PERCENTILE_99_REAL=0.2693
MEAN_USER=0.09
STDDEV_USER=0.0173205
PERCENTILE_99_USER=0.1186
MEAN_SYS=0.0675
STDDEV_SYS=0.00968246
PERCENTILE_99_SYS=0.0886
