MEAN_REAL=0.16625
STDDEV_REAL=0.0205776
PERCENTILE_99_REAL=0.1986
MEAN_USER=0.00375
STDDEV_USER=0.00484123
PERCENTILE_99_USER=0.01
MEAN_SYS=0.08125
STDDEV_SYS=0.0257087
PERCENTILE_99_SYS=0.1186
