MEAN_REAL=0.275
STDDEV_REAL=0.0867468
PERCENTILE_99_REAL=0.3986
MEAN_USER=0.01875
STDDEV_USER=0.0145237
PERCENTILE_99_USER=0.0393
MEAN_SYS=0.10125
STDDEV_SYS=0.0271282
PERCENTILE_99_SYS=0.1479
