MEAN_REAL=0.1675
STDDEV_REAL=0.0178536
PERCENTILE_99_REAL=0.2072
MEAN_USER=0.01
STDDEV_USER=0.0122474
PERCENTILE_99_USER=0.03
MEAN_SYS=0.09
STDDEV_SYS=0.0173205
PERCENTILE_99_SYS=0.1186
