MEAN_REAL=0.29125
STDDEV_REAL=0.0214695
PERCENTILE_99_REAL=0.3293
MEAN_USER=0.13375
STDDEV_USER=0.0286956
PERCENTILE_99_USER=0.17
MEAN_SYS=0.08125
STDDEV_SYS=0.0297647
PERCENTILE_99_SYS=0.1293
