MEAN_REAL=0.19
STDDEV_REAL=0.0217945
PERCENTILE_99_REAL=0.244
MEAN_USER=0.013125
STDDEV_USER=0.0135641
PERCENTILE_99_USER=0.0385
MEAN_SYS=0.085625
STDDEV_SYS=0.0247408
PERCENTILE_99_SYS=0.1455
