MEAN_REAL=1.09688
STDDEV_REAL=0.190155
PERCENTILE_99_REAL=1.6865
MEAN_USER=0.07
STDDEV_USER=0.0287228
PERCENTILE_99_USER=0.1285
MEAN_SYS=0.355625
STDDEV_SYS=0.0390462
PERCENTILE_99_SYS=0.4325
