MEAN_REAL=0.17125
STDDEV_REAL=0.0485895
PERCENTILE_99_REAL=0.308
MEAN_USER=0.019375
STDDEV_USER=0.0163817
PERCENTILE_99_USER=0.057
MEAN_SYS=0.064375
STDDEV_SYS=0.0209072
PERCENTILE_99_SYS=0.1155
