MEAN_REAL=0.279375
STDDEV_REAL=0.0745376
PERCENTILE_99_REAL=0.5195
MEAN_USER=0.054375
STDDEV_USER=0.0190292
PERCENTILE_99_USER=0.087
MEAN_SYS=0.1075
STDDEV_SYS=0.0216506
PERCENTILE_99_SYS=0.1555
