MEAN_REAL=9.93062
STDDEV_REAL=0.268805
PERCENTILE_99_REAL=10.297
MEAN_USER=9.64813
STDDEV_USER=0.229326
PERCENTILE_99_USER=10.001
MEAN_SYS=0.11875
STDDEV_SYS=0.0275851
PERCENTILE_99_SYS=0.167
