MEAN_REAL=0.3675
STDDEV_REAL=0.0139194
PERCENTILE_99_REAL=0.3985
MEAN_USER=0.136875
STDDEV_USER=0.0266268
PERCENTILE_99_USER=0.17
MEAN_SYS=0.146875
STDDEV_SYS=0.025179
PERCENTILE_99_SYS=0.2
