MEAN_REAL=0.836875
STDDEV_REAL=0.202877
PERCENTILE_99_REAL=1.5
MEAN_USER=0.185625
STDDEV_USER=0.0329713
PERCENTILE_99_USER=0.2385
MEAN_SYS=0.523125
STDDEV_SYS=0.0329239
PERCENTILE_99_SYS=0.587
