MEAN_REAL=0.325625
STDDEV_REAL=0.0331604
PERCENTILE_99_REAL=0.407
MEAN_USER=0.1675
STDDEV_USER=0.0222205
PERCENTILE_99_USER=0.2255
MEAN_SYS=0.086875
STDDEV_SYS=0.0299413
PERCENTILE_99_SYS=0.1285
