MEAN_REAL=12.9378
STDDEV_REAL=0.529603
PERCENTILE_99_REAL=14.0066
MEAN_USER=12.8019
STDDEV_USER=0.503652
PERCENTILE_99_USER=13.8291
MEAN_SYS=0.079375
STDDEV_SYS=0.0544253
PERCENTILE_99_SYS=0.2607
