MEAN_REAL=16.2462
STDDEV_REAL=0.75359
PERCENTILE_99_REAL=17.9234
MEAN_USER=16.08
STDDEV_USER=0.724345
PERCENTILE_99_USER=17.6934
MEAN_SYS=0.10375
STDDEV_SYS=0.0323796
PERCENTILE_99_SYS=0.1593
