MEAN_REAL=30.1687
STDDEV_REAL=0.945429
PERCENTILE_99_REAL=32.05
MEAN_USER=29.605
STDDEV_USER=0.97206
PERCENTILE_99_USER=31.5142
MEAN_SYS=0.3875
STDDEV_SYS=0.0578252
PERCENTILE_99_SYS=0.47
