MEAN_REAL=0.01
STDDEV_REAL=1.16415e-10
PERCENTILE_99_REAL=0.01
MEAN_USER=0.00625
STDDEV_USER=0.00484123
PERCENTILE_99_USER=0.01
MEAN_SYS=0
STDDEV_SYS=0
PERCENTILE_99_SYS=0
