MEAN_REAL=2.18625
STDDEV_REAL=0.185131
PERCENTILE_99_REAL=2.5739
MEAN_USER=2.16875
STDDEV_USER=0.181069
PERCENTILE_99_USER=2.5532
MEAN_SYS=0.0025
STDDEV_SYS=0.00661438
PERCENTILE_99_SYS=0.0186
