MEAN_REAL=25.0675
STDDEV_REAL=10.6409
PERCENTILE_99_REAL=48.881
MEAN_USER=24.7625
STDDEV_USER=10.4695
PERCENTILE_99_USER=48.3618
MEAN_SYS=0.05875
STDDEV_SYS=0.0280346
PERCENTILE_99_SYS=0.0986
