MEAN_REAL=14.2713
STDDEV_REAL=1.85738
PERCENTILE_99_REAL=16.7793
MEAN_USER=14.0188
STDDEV_USER=1.81674
PERCENTILE_99_USER=16.4979
MEAN_SYS=0.16875
STDDEV_SYS=0.0153603
PERCENTILE_99_SYS=0.19
