MEAN_REAL=0.112812
STDDEV_REAL=0.0071739
PERCENTILE_99_REAL=0.1369
MEAN_USER=0.11125
STDDEV_USER=0.0081968
PERCENTILE_99_USER=0.1369
MEAN_SYS=0
STDDEV_SYS=0
PERCENTILE_99_SYS=0
