MEAN_REAL=26.9844
STDDEV_REAL=0.682504
PERCENTILE_99_REAL=28.637
MEAN_USER=26.8563
STDDEV_USER=0.563292
PERCENTILE_99_USER=28.5365
MEAN_SYS=0.000625
STDDEV_SYS=0.00242061
PERCENTILE_99_SYS=0.0085
