MEAN_REAL=31.4425
STDDEV_REAL=18.9608
PERCENTILE_99_REAL=56.6622
MEAN_USER=538.69
STDDEV_USER=9.41511
PERCENTILE_99_USER=548.489
MEAN_SYS=246.72
STDDEV_SYS=6.92228
PERCENTILE_99_SYS=254.193
