MEAN_REAL=0.2375
STDDEV_REAL=0.00433013
PERCENTILE_99_REAL=0.24
MEAN_USER=0.2325
STDDEV_USER=0.00829156
PERCENTILE_99_USER=0.24
MEAN_SYS=0
STDDEV_SYS=0
PERCENTILE_99_SYS=0
