MEAN_REAL=5.25
STDDEV_REAL=0.0212132
PERCENTILE_99_REAL=5.2794
MEAN_USER=5.2375
STDDEV_USER=0.0192029
PERCENTILE_99_USER=5.2597
MEAN_SYS=0
STDDEV_SYS=0
PERCENTILE_99_SYS=0
