MEAN_REAL=0.16
STDDEV_REAL=0.00707107
PERCENTILE_99_REAL=0.1697
MEAN_USER=0.15
STDDEV_USER=0.0122474
PERCENTILE_99_USER=0.1694
MEAN_SYS=0.0075
STDDEV_SYS=0.00829156
PERCENTILE_99_SYS=0.0197
